0 0.20901639344262296 0.3175355450236967 0.05737704918032787 0.11848341232227488
0 0.5655737704918032 0.5995260663507109 0.03483606557377049 0.061611374407582936
0 0.30327868852459017 0.46445497630331756 0.03278688524590164 0.06398104265402843
0 0.18237704918032788 0.5853080568720379 0.02663934426229508 0.035545023696682464
0 0.9815573770491803 0.17061611374407584 0.03278688524590164 0.20853080568720378
0 0.06352459016393443 0.5853080568720379 0.04918032786885246 0.06872037914691943
0 0.764344262295082 0.3412322274881517 0.07581967213114754 0.14691943127962084
0 0.430327868852459 0.9360189573459715 0.036885245901639344 0.08293838862559241
0 0.7561475409836066 0.5710900473933649 0.030737704918032786 0.037914691943127965
0 0.8565573770491803 0.4099526066350711 0.018442622950819672 0.061611374407582936
0 0.444672131147541 0.6279620853080569 0.04918032786885246 0.08293838862559241
0 0.430327868852459 0.5071090047393365 0.01639344262295082 0.035545023696682464
